0.298862171901
0.318625409178
0.329599144901
0.344833190329
0.371272082732
0.372682806371
0.392563248868
0.381453161772
0.395265742992
0.407478709989
0.407328057269
0.406665625334
0.415638001026
0.416930829864
0.422047488049
0.424696808433
0.427200600571
0.417856611323
0.422308309113
0.413424288215


0.459125190144
0.486953892117
0.493225686391
0.519666140334
0.538438147309
0.541797026193
0.56021786231
0.557268196895
0.565119880968
0.575477348818
0.580574706501
0.579474443975
0.58192548082
0.586484558718
0.59191196069
0.591879362046
0.593715853328
0.589284828676
0.593193167118
0.590983715018


0.579935560044
0.608679378788
0.614262807503
0.633106201306
0.648803166583
0.650675560853
0.666001826216
0.668674551966
0.673683021924
0.681633623595
0.685198776351
0.687303260826
0.687921504151
0.691088143809
0.695674029997
0.695894125148
0.694393372689
0.692734750265
0.695787237568
0.694415925345


